

> run-seq.ogenerated_subtitles_500K.srt
0.162873,0.158519,0.157732,0.156978,0.156701,0.159451,0.157418,0.156223,0.156452,0.156304,0.158904,0.163070,0.158890,0.157909,0.156465,0.156785,0.161522,0.156666,0.157056,0.156349,

> run-seq.ogenerated_subtitles_1M.srt
0.312711,0.313391,0.313440,0.317192,0.311780,0.313085,0.312983,0.312599,0.311967,0.311585,0.312159,0.312097,0.312349,0.311546,0.313480,0.312087,0.313329,0.311502,0.313620,0.312768,

> run-seq.ogenerated_subtitles_5M.srt
1.600951,1.553433,1.570910,1.563128,1.554615,1.553400,1.553978,1.555027,1.545387,1.622564,1.556322,1.547789,1.554289,1.576506,1.624933,1.572189,1.600741,1.550918,1.566009,1.554964,

> run-seq.ogenerated_subtitles_10M.srt
3.165028,3.182590,3.191665,3.105478,3.130595,3.106202,3.122975,3.108083,3.104714,3.097514,3.094097,3.134455,3.122199,3.135380,3.182798,3.128096,3.105787,3.101613,3.196371,3.093589,

> run-seq.ogenerated_subtitles_20M.srt
6.252539,6.197580,6.180205,6.227763,6.189535,6.171336,6.184503,6.225648,6.198980,6.199820,6.271753,6.252711,6.531856,6.376281,6.236923,6.274222,6.245418,6.186751,6.205018,6.191657,


Average:
[0.15811335, 0.3127835, 1.56890265​​, 3.1129827, 6.22960905]