> run-seq.ogenerated_subtitles_500K.srt

0.438654,0.442052,0.439173,0.441554,0.437172,0.437556,0.439763,0.438951,0.439813,0.440622,0.439390,0.439057,0.438317,0.439141,0.437978,0.439787,0.439363,0.441876,0.441147,0.440333


> run-seq.ogenerated_subtitles_1M.srt

0.958628,0.951133,0.955803,0.956040,0.954499,0.993932,0.955497,0.974181,0.961587,0.964043,0.963390,0.959794,1.000282,0.956342,0.981814,0.975756,0.963598,0.952549,0.952269,0.951952

> run-seq.ogenerated_subtitles_5M.srt

5.524326,5.574215,5.534949,5.520720,5.510573,5.524811,5.516954,5.506772,5.512202,5.537501,5.514241,5.526003,5.525738,5.529873,5.616951,5.632848,5.523611,5.520867,5.529003,5.524368

> run-seq.ogenerated_subtitles_10M.srt

11.642861,11.666955,11.716448,11.729118,11.658740,11.779796,11.684858,11.692736,11.666771,11.650974,11.667928,11.648962,11.638315,11.842087,11.691875,11.710755,11.668770,11.665320,11.647721,11.672533

> run-seq.ogenerated_subtitles_20M.srt

24.329143,24.251980,24.213997,24.165733,24.402147,24.279429,24.209337,24.236957,24.352621,24.182269,24.144704,24.219003,24.420343,24.286801,24.166464,24.232264,24.443217,24.253796,24.235670,24.249762


> Average: 

0.4399724
0.96551915
5.5261884
11.69259195
24.25771295
