

> run-seq.ogenerated_subtitles_500K.srt
0.122575,0.129241,0.176488,0.137533,0.127677,0.127628,0.129591,0.126980,0.127135,0.127744,0.126630,0.127462,0.128083,0.135408,0.127824,0.127643,0.128842,0.128824,0.128117,0.127216,

> run-seq.ogenerated_subtitles_1M.srt
0.259684,0.263383,0.258037,0.265662,0.260265,0.264915,0.259553,0.259381,0.256218,0.265504,0.261756,0.257531,0.258446,0.259228,0.267780,0.258209,0.261126,0.261357,0.258382,0.256351,

> run-seq.ogenerated_subtitles_5M.srt
1.328751,1.323702,1.350260,1.350191,1.302681,1.300869,1.342414,1.366037,1.324550,1.331548,1.304935,1.355050,1.358865,1.351380,1.323241,1.317982,1.329255,1.334693,1.338920,1.327811,

> run-seq.ogenerated_subtitles_10M.srt
2.621929,2.712590,2.647843,2.645193,2.672163,2.654796,2.688191,2.654137,2.656180,2.663979,2.714378,2.641033,2.620784,2.646547,2.618871,2.654406,2.685662,2.658232,2.618290,2.684424,

> run-seq.ogenerated_subtitles_20M.srt
5.103436,5.164727,5.188495,5.381823,5.237194,5.163838,5.196330,5.188719,5.239130,5.296754,5.255060,5.278641,5.243066,5.416322,5.258428,5.196743,5.331529,5.185303,5.243860,5.184301,

Average:
[0.12718875, 0.259186, 1.3214217, 2.635698, 5.21615825]