500K,1M,5M,10M,20M
0.167947,0.167232,0.167761,0.168739,0.172328,0.168753,0.166201,0.170590,0.165046,0.168269,0.171081,0.168021,0.169004,0.166374,0.169049,0.169892,0.164313,0.166177,0.165414,0.166234
0.384906,0.382236,0.389898,0.376799,0.378480,0.378116,0.384320,0.381034,0.415397,0.381123,0.384872,0.379565,0.383204,0.383135,0.390301,0.383237,0.387734,0.390793,0.385188,0.382952
2.284566,2.294323,2.228124,2.222129,2.253228,2.269400,2.208361,2.240928,2.253695,2.231299,2.280599,2.248644,2.245456,2.226183,2.220759,2.230911,2.259759,2.219037,2.221284,2.225159
4.719032,4.797316,4.721597,4.730494,4.795256,4.827392,4.735281,4.751716,4.766122,4.697712,4.721944,4.656616,4.717573,4.706194,4.737480,4.703061,4.735521,4.694300,4.677313,4.785929
9.649756,9.670153,9.519947,9.548249,9.555038,9.465807,9.553936,9.623699,9.708664,9.649994,9.603979,9.684324,9.619428,9.517634,9.717438,9.742416,9.660441,9.614356,9.550124,9.591173

average results:
0.16850225
0.38450375
2.2465457000000003
4.7318555
9.626512400000001